i2maps_working_directory/processors/example2/irl_dem_espg900913.asc
north: 7436000
south: 6692000
east: -604000
west: -1168000
rows: 372
cols: 282
null: *
type: int
[rows 120 to 179 of 372, columns 96 to 191 of 282]
155 106 94 129 122 128 115 93 94 83 69 71 114 117 92 54 46 47 51 54 61 76 109 92 109 113 216 270 332 357 290 281 290 332 244 177 78 46 42 44 44 192 310 344 335 379 398 355 337 393 377 275 217 161 137 107 95 78 61 97 154 223 226 209 125 63 57 59 53 52 49 47 50 51 45 49 56 49 51 52 49 51 59 54 85 145 135 121 127 110 103 103 102 100 98 103
87 66 86 154 130 142 126 101 102 81 68 67 85 113 88 56 50 54 53 55 52 60 106 85 87 83 179 220 267 404 324 245 244 395 312 248 111 47 42 43 45 231 378 459 399 490 498 350 285 372 364 233 169 125 130 110 106 91 59 56 104 120 153 131 64 47 67 62 54 55 48 48 55 54 47 51 42 51 52 56 46 52 53 62 95 147 130 100 122 117 100 106 90 101 101 98
76 72 77 116 106 95 64 62 58 59 59 65 86 124 140 131 70 66 60 90 74 60 91 109 114 129 71 108 109 198 306 360 198 223 265 232 162 95 49 41 48 302 379 458 539 366 292 250 258 318 220 144 125 104 79 86 70 57 54 52 70 74 80 53 47 67 62 51 49 53 56 56 53 56 55 45 47 73 47 47 57 50 89 113 153 119 92 109 89 85 104 88 99 92 91 84
75 81 89 100 81 76 62 61 58 56 59 67 76 99 112 106 89 75 69 81 73 64 77 99 130 152 92 97 91 140 229 314 261 209 197 170 132 88 45 43 66 352 457 503 457 329 245 202 226 247 185 121 105 91 80 86 80 57 54 53 66 68 73 51 55 58 54 53 49 53 57 52 60 61 65 45 52 71 56 60 66 86 108 111 137 109 92 104 89 93 96 91 91 88 89 92
73 90 101 84 56 57 59 59 58 52 59 68 65 73 84 81 107 83 77 71 71 67 62 89 145 174 112 86 72 82 151 267 324 195 129 107 101 81 41 44 84 402 535 547 375 291 198 153 193 175 150 98 84 78 81 86 89 56 53 54 62 62 65 49 62 49 46 55 48 53 58 47 67 65 74 45 56 68 64 73 74 121 127 109 120 98 91 99 88 101 88 93 83 84 86 99
85 95 132 104 73 69 66 56 59 59 54 56 61 85 110 80 107 149 127 96 81 63 51 52 64 155 147 106 80 72 66 115 169 322 257 76 81 50 49 49 106 236 279 271 232 176 126 123 104 89 64 85 87 62 85 85 82 55 57 53 101 58 70 85 60 56 59 67 89 68 67 49 62 45 68 52 69 61 71 87 89 112 87 96 76 86 88 102 112 96 103 77 78 83 112 114
81 94 119 103 74 74 69 59 63 61 63 56 70 70 89 79 94 241 168 146 161 99 70 51 57 108 118 93 67 57 57 88 107 208 193 90 72 50 48 48 101 172 185 188 165 136 103 116 94 77 64 71 83 60 88 73 74 67 54 52 78 54 61 93 62 61 71 75 94 75 57 55 61 51 61 54 68 63 68 84 93 86 89 85 67 90 75 85 98 87 97 73 76 78 97 115
76 93 105 101 74 79 72 62 66 63 71 56 79 55 67 78 81 332 209 196 240 135 88 50 50 60 88 80 53 41 47 61 44 94 129 104 62 49 46 47 95 107 91 105 97 96 80 108 84 64 64 57 79 57 90 61 65 78 50 51 54 49 51 101 63 65 83 82 99 82 47 60 59 57 53 55 66 64 65 80 97 60 90 74 57 94 61 68 83 77 90 68 74 72 81 116
90 102 97 116 85 78 63 73 62 68 81 66 57 63 61 100 94 79 105 215 271 277 170 55 49 47 98 90 109 78 61 67 61 46 49 71 45 59 59 60 81 93 73 91 69 83 74 66 61 71 68 92 86 91 93 66 54 47 63 79 56 67 69 78 68 93 85 69 66 55 46 53 44 46 68 59 53 69 86 82 59 57 62 80 80 101 85 76 67 84 85 103 74 72 67 101
87 93 91 98 88 73 66 74 67 68 80 69 62 61 61 88 87 81 93 166 255 218 126 55 67 66 79 90 101 111 77 83 67 86 71 65 49 60 57 59 74 81 70 81 65 89 69 63 58 78 64 82 81 82 73 63 59 72 75 86 64 69 71 83 72 80 68 71 63 58 53 54 42 49 70 56 61 71 108 81 71 73 75 81 97 88 89 80 84 107 106 129 102 89 89 96
84 84 84 80 90 67 69 74 71 68 78 71 66 58 61 75 80 83 81 116 239 159 81 55 84 84 59 90 93 143 93 99 72 126 92 59 52 60 55 58 67 69 66 70 61 95 63 60 55 84 60 72 75 72 52 60 64 96 87 92 72 71 73 87 75 67 50 72 60 60 60 54 39 52 71 52 69 72 129 79 82 88 88 81 114 75 93 84 101 130 127 154 129 106 110 90
70 79 80 84 90 85 88 86 76 82 75 63 66 69 59 73 85 96 105 114 128 143 137 156 173 149 51 41 55 54 63 60 53 60 57 51 51 44 51 59 61 66 71 102 100 63 69 69 91 54 63 93 98 86 90 110 85 91 75 70 90 58 56 48 60 77 49 42 57 62 64 64 46 63 64 62 57 74 108 142 129 168 117 86 86 98 107 179 180 153 154 203 207 143 108 103
72 79 81 84 83 84 84 83 80 81 78 64 67 69 60 71 81 97 131 136 147 155 185 194 184 151 59 38 47 56 56 52 51 55 57 48 51 46 54 54 60 61 84 95 89 67 76 70 90 64 75 91 89 86 89 88 85 83 87 84 86 79 68 57 62 67 53 49 64 66 54 60 49 58 65 60 64 79 107 123 114 135 113 89 88 104 108 156 161 149 176 206 219 146 115 115
74 78 81 83 75 82 80 80 84 79 80 65 68 69 60 69 77 97 156 158 165 166 232 232 194 153 67 34 39 58 49 43 49 50 57 45 50 47 56 49 59 56 96 87 77 71 83 71 88 74 86 88 79 86 88 65 84 74 98 97 82 100 79 65 63 57 56 56 71 69 44 56 52 53 65 58 70 83 105 104 99 101 108 92 90 109 109 132 142 144 198 209 230 148 121 127
73 66 69 75 83 83 86 91 106 103 105 85 83 85 77 69 81 108 105 134 157 113 109 91 70 47 56 44 52 45 48 46 40 47 57 42 40 39 41 69 115 73 82 72 87 70 91 97 61 73 80 80 60 78 75 74 76 92 87 98 91 81 80 62 41 62 75 71 83 63 49 47 79 90 70 80 69 64 107 128 117 116 128 103 104 106 119 175 169 192 174 180 232 154 125 121
76 74 80 77 81 85 97 101 113 114 115 98 99 108 104 102 74 85 90 103 112 93 92 79 72 65 81 68 67 58 65 48 51 43 50 42 39 43 45 70 97 76 78 73 72 66 84 76 68 70 76 79 66 76 64 78 74 80 89 97 101 92 76 58 58 74 90 92 95 86 56 53 64 79 69 72 70 70 140 146 128 133 132 114 104 118 113 154 165 172 173 182 219 152 131 143
79 81 90 79 79 86 107 110 119 125 124 110 115 131 131 135 66 61 75 72 67 73 74 66 74 83 105 91 81 71 82 49 61 39 43 41 38 46 48 71 79 78 73 74 57 62 77 55 74 67 71 78 72 73 52 81 72 67 91 95 110 103 71 54 75 85 105 112 106 108 63 58 48 68 67 64 70 76 173 164 138 150 136 125 103 129 107 132 160 152 171 183 205 150 137 164
122 108 126 108 106 107 131 146 150 153 162 149 122 139 95 82 74 61 71 79 72 90 87 85 90 101 133 112 86 76 71 62 72 43 40 40 40 47 51 63 57 58 59 56 62 60 57 64 70 54 52 54 57 50 53 60 98 130 129 111 81 63 60 78 119 93 86 92 100 100 49 48 65 73 72 119 77 93 134 156 194 205 164 144 118 138 149 179 182 180 143 191 199 191 190 192
146 153 162 136 138 120 131 150 176 150 151 120 102 106 81 73 70 62 73 83 79 88 95 108 101 103 111 98 85 83 85 80 87 55 50 47 45 44 50 55 46 59 54 53 64 57 52 60 68 60 54 56 53 49 68 91 121 157 125 109 73 66 67 68 96 84 89 110 126 121 55 51 63 74 71 108 95 112 146 187 178 167 151 160 117 156 169 193 171 174 166 195 189 183 171 177
170 198 198 164 169 132 131 154 201 147 140 91 82 72 66 63 65 63 74 87 86 86 102 131 111 105 88 84 83 90 98 97 102 67 60 54 50 41 49 46 35 60 49 50 66 54 47 56 66 65 55 57 49 48 82 122 144 183 120 107 64 68 74 58 72 74 92 128 151 141 61 54 60 74 70 97 112 131 158 218 162 129 137 176 115 174 189 206 160 167 189 199 179 175 152 161
124 150 156 163 160 159 129 134 127 116 107 70 68 67 67 61 66 66 69 76 81 93 78 88 97 98 88 91 114 102 96 89 92 85 69 56 40 47 39 47 43 41 42 63 53 51 46 46 63 49 40 45 51 64 73 128 111 111 77 52 66 64 117 108 56 73 110 150 150 105 80 54 78 98 89 93 93 116 223 134 99 112 104 146 113 142 153 152 118 150 150 148 160 123 131 124
116 133 143 147 141 133 111 116 108 100 88 71 69 72 70 69 68 73 74 73 76 83 78 79 87 93 96 97 111 101 93 80 82 84 76 54 44 48 48 48 48 41 37 55 66 47 45 44 53 53 43 48 51 62 76 112 105 85 66 69 66 89 145 102 73 69 95 123 112 88 78 66 81 93 90 90 95 113 165 125 106 121 129 140 109 144 149 133 127 133 137 134 142 116 146 129
107 115 129 131 122 107 93 97 89 84 69 72 69 76 72 77 69 79 79 70 70 72 78 70 76 87 104 103 107 100 90 71 71 83 83 52 48 48 56 49 52 40 31 47 78 43 43 42 43 57 45 50 51 59 78 96 98 58 55 85 66 114 172 95 89 65 80 95 74 71 75 77 84 88 90 86 97 110 106 116 113 130 154 134 104 145 144 114 136 116 124 119 123 108 160 133
91 86 88 91 91 85 89 95 73 73 72 76 74 85 98 93 86 84 82 76 67 66 72 69 81 86 100 109 99 104 104 86 75 98 71 71 50 69 48 49 40 43 38 39 57 80 42 43 63 43 50 43 47 56 54 64 57 76 85 106 94 120 162 90 79 78 62 84 80 73 80 86 85 78 92 82 81 82 88 97 103 125 151 147 110 100 101 102 106 100 134 136 130 117 142 153
93 87 91 91 87 89 82 85 77 78 74 84 84 94 101 108 103 91 81 73 68 66 69 69 76 80 99 108 110 104 90 88 80 80 56 65 55 65 47 54 42 45 41 49 62 61 42 53 57 46 47 46 52 54 50 63 69 77 89 98 112 126 155 88 86 68 64 73 75 73 83 84 77 77 85 83 83 88 90 125 119 133 156 130 100 97 110 125 139 140 128 123 120 116 126 135
94 87 94 90 83 92 75 74 81 83 76 91 93 103 104 123 120 98 79 70 68 66 65 69 70 73 97 107 120 104 76 89 84 62 40 59 59 61 45 58 44 47 43 59 66 41 42 62 50 48 44 48 56 51 45 61 80 78 93 90 129 132 147 85 93 58 65 61 69 72 86 81 68 76 77 83 84 93 91 152 135 140 161 113 90 94 119 148 172 179 122 110 110 115 110 116
89 93 87 87 94 80 78 74 74 82 80 96 101 127 124 114 103 107 89 88 75 68 67 69 71 73 68 85 88 103 97 77 65 40 41 48 36 40 38 43 44 41 43 42 43 47 61 49 51 47 39 52 43 49 48 62 74 78 104 123 126 136 131 81 68 62 57 59 57 66 64 85 77 105 89 80 94 88 99 120 134 124 121 87 85 120 173 153 180 134 108 98 101 129 136 139
86 87 90 84 89 79 80 75 75 82 80 95 103 124 134 124 117 107 100 101 74 72 72 77 78 80 69 82 86 93 90 68 60 45 44 47 39 46 39 44 44 66 76 47 50 45 50 50 49 45 40 49 45 58 47 63 73 95 142 121 149 168 123 88 80 60 62 67 74 84 87 92 81 96 86 87 88 91 95 113 119 107 103 86 83 121 155 143 160 130 118 108 102 117 133 128
83 81 92 80 83 78 82 76 75 81 80 94 105 120 143 134 131 107 110 113 73 75 76 84 85 86 70 78 84 83 83 59 55 49 46 45 42 52 40 44 43 91 109 52 57 43 39 51 46 43 40 46 47 66 46 64 72 111 180 119 171 199 115 95 92 58 67 75 90 101 110 99 85 86 82 93 81 94 91 106 103 90 84 84 81 122 136 133 140 125 128 117 102 104 129 117
86 87 86 82 84 91 79 79 79 80 87 97 87 87 90 102 107 118 108 85 89 103 111 115 129 111 82 68 62 49 56 48 47 83 80 48 39 45 47 39 45 65 61 67 41 41 41 50 45 44 51 45 52 67 59 96 112 133 178 177 169 168 163 121 73 65 58 66 71 92 87 96 73 96 89 102 96 99 61 57 56 64 64 66 73 69 101 106 105 84 83 83 77 83 89 116
87 85 88 86 88 91 82 86 87 86 90 89 84 87 90 100 111 116 99 91 103 118 128 122 131 124 82 76 60 50 53 53 50 72 66 87 54 50 43 42 45 86 58 68 47 47 43 47 43 44 47 46 55 74 73 105 143 196 172 164 148 149 147 106 74 70 67 70 79 95 85 89 95 85 88 105 84 86 61 60 59 62 67 70 71 86 99 103 100 104 105 105 109 83 88 110
87 83 90 89 91 90 85 93 95 92 93 81 81 86 89 98 115 114 90 96 116 132 144 128 132 136 82 83 57 51 50 58 53 61 52 125 68 54 39 44 44 106 54 68 53 52 44 43 41 44 43 46 57 81 86 114 173 259 165 151 126 129 131 90 74 74 76 73 87 97 83 81 116 74 86 107 71 73 61 62 62 59 70 74 68 102 97 100 95 124 126 127 140 82 86 104
83 85 96 87 84 83 83 90 78 93 91 85 77 86 83 86 93 92 89 111 119 140 139 128 109 111 73 57 52 51 51 53 55 64 61 63 63 46 43 42 129 94 60 42 45 47 44 39 42 43 42 67 97 79 108 106 109 110 96 90 64 62 70 64 86 92 123 118 137 113 118 102 104 89 62 62 62 60 62 69 62 78 64 69 78 95 102 87 101 124 128 127 146 113 82 91
84 85 96 92 86 84 80 83 77 84 88 80 77 79 86 84 85 85 90 105 112 137 134 128 113 99 70 59 64 64 55 52 55 57 57 60 57 50 46 72 113 75 49 43 46 47 44 40 39 46 48 63 84 78 91 85 85 88 76 69 63 65 65 63 79 82 95 103 119 124 122 107 99 80 62 62 63 66 65 67 68 75 64 67 71 90 102 96 102 121 120 118 126 106 90 88
84 84 95 96 88 84 76 76 76 75 84 74 76 71 88 81 76 77 91 99 105 133 129 128 117 87 66 60 75 76 58 51 55 50 52 57 50 53 49 102 97 55 38 43 46 47 44 41 36 48 54 59 71 76 73 64 60 65 56 48 61 67 59 61 72 72 67 87 101 135 126 112 93 71 62 62 64 71 67 64 74 71 63 65 64 85 101 104 103 118 111 108 105 98 98 85
85 94 106 91 90 83 71 82 85 89 77 86 82 68 66 70 69 76 107 109 111 125 118 118 110 107 104 93 77 61 57 60 48 60 49 57 56 45 92 88 52 40 41 37 53 46 47 42 44 40 52 52 60 59 54 52 48 54 59 47 67 71 71 71 69 79 85 76 90 89 92 84 88 70 66 73 62 73 78 73 120 221 153 96 94 95 102 88 96 105 111 131 131 130 107 118
89 106 114 108 103 85 80 91 110 112 109 82 74 67 70 68 68 77 104 112 104 116 107 108 108 108 102 96 89 68 57 56 48 63 55 53 56 62 137 91 50 40 40 36 45 44 44 41 46 44 49 56 53 55 55 56 47 59 66 59 79 74 74 83 74 81 83 89 97 96 84 81 84 70 66 69 65 69 85 82 113 176 142 105 105 108 108 96 102 109 159 192 149 146 119 125
93 117 121 124 115 87 89 100 134 134 140 77 65 65 74 65 66 78 100 115 97 106 96 97 106 109 100 98 101 75 56 52 47 65 61 49 56 78 182 94 48 40 38 35 37 42 40 40 47 47 45 60 45 50 55 59 46 63 73 71 91 77 77 94 79 82 81 102 103 103 75 77 80 70 65 64 68 64 91 91 105 130 131 114 116 120 113 103 107 112 206 253 167 161 130 132
81 83 88 96 95 84 82 92 98 99 99 67 72 72 75 73 70 73 85 88 101 101 86 90 103 110 85 97 87 105 86 77 76 58 50 56 69 117 213 104 56 46 39 36 41 40 40 44 44 45 46 48 42 47 54 68 67 77 73 81 99 93 105 96 101 109 102 102 100 93 77 70 67 64 63 66 66 68 67 81 111 99 115 124 117 114 116 125 112 141 167 138 128 120 110 116
83 99 102 104 102 88 84 91 93 90 89 67 69 72 74 71 64 67 74 76 89 93 89 87 97 107 89 86 91 102 81 81 65 55 50 54 68 120 188 88 49 42 39 37 38 39 39 43 45 47 45 48 55 72 77 68 70 81 81 92 109 107 106 98 98 102 99 96 97 93 78 72 65 62 63 65 70 75 76 77 97 90 104 110 122 119 141 128 120 131 158 151 141 119 109 118
85 115 116 111 108 91 85 89 88 80 79 67 65 72 73 69 58 61 62 63 76 85 91 84 91 103 93 75 95 98 75 85 53 52 50 51 67 123 162 72 41 38 39 37 35 37 38 42 45 49 44 47 67 96 99 68 72 84 88 102 118 120 106 100 95 94 96 89 94 93 79 74 63 60 63 63 73 82 84 73 82 80 93 95 127 123 166 131 128 121 148 163 153 117 107 119
78 86 82 117 105 88 84 88 88 78 74 72 67 68 68 58 62 58 58 68 80 98 112 82 74 79 93 70 76 98 100 99 58 54 50 101 128 80 58 48 45 40 36 37 36 38 41 43 44 57 54 48 60 60 71 74 73 92 92 106 127 103 97 102 84 83 79 87 82 79 76 71 67 63 69 64 70 94 90 95 93 91 86 78 96 106 113 128 134 122 140 158 138 114 107 97
77 87 86 113 107 92 83 93 88 82 84 76 68 74 71 71 62 58 58 63 73 93 118 90 72 74 83 71 80 97 104 101 67 54 53 82 97 64 50 45 44 40 35 39 43 39 43 42 46 57 55 52 62 66 70 76 76 89 92 111 120 103 96 94 76 75 77 81 80 75 70 70 65 64 66 64 74 95 86 87 90 94 104 97 116 121 112 122 128 122 133 138 130 110 105 98
75 87 89 108 109 96 81 97 87 85 93 80 68 79 74 84 61 57 58 58 66 87 123 98 69 69 73 71 84 95 107 103 75 54 55 63 65 47 42 41 42 40 33 41 50 39 45 41 48 57 56 55 64 72 69 77 78 86 92 115 112 103 95 86 68 67 74 75 77 71 64 69 63 64 62 64 77 95 82 78 87 97 121 115 136 136 111 115 122 121 126 118 122 105 102 98
105 103 107 99 92 88 103 98 95 84 86 84 77 80 80 84 77 61 66 57 64 64 95 94 62 67 65 68 87 109 101 94 78 60 56 46 47 47 41 41 43 36 55 38 39 39 42 45 51 54 61 54 60 68 79 134 166 124 104 99 99 89 87 76 63 62 77 72 80 74 62 67 66 63 62 60 52 57 89 62 65 72 89 99 95 90 92 103 113 100 97 104 96 99 96 92
86 81 88 112 99 88 96 94 91 89 93 87 80 84 83 95 93 79 72 59 61 62 78 85 61 63 72 86 92 103 91 80 69 57 54 48 44 46 40 40 40 49 54 44 46 40 46 46 51 51 56 57 62 67 87 126 147 118 97 93 96 84 79 73 66 60 70 66 71 71 63 64 63 64 62 59 64 66 88 78 71 70 85 103 117 116 107 110 102 97 99 103 99 92 97 95
66 59 68 125 105 88 88 89 87 93 100 90 82 87 86 106 108 97 77 61 58 59 61 76 59 58 78 103 96 97 80 66 60 54 51 49 40 45 39 38 36 61 52 49 53 40 50 46 50 48 50 59 64 65 94 118 127 112 90 86 92 78 71 69 68 58 62 60 62 68 64 60 59 64 62 57 76 74 87 94 76 68 81 106 138 142 121 117 90 93 100 102 102 84 98 97
55 62 86 87 79 73 83 87 84 88 84 84 88 83 91 92 99 95 88 68 68 56 63 57 65 56 70 72 75 69 50 57 51 53 57 41 45 39 37 40 39 65 60 57 46 45 44 46 60 53 62 57 67 76 89 97 102 94 109 107 82 82 76 74 67 65 71 69 60 60 60 61 70 109 90 63 67 140 87 60 110 102 74 102 88 92 103 79 79 97 91 83 87 86 88 93
60 66 77 79 78 71 79 82 80 84 85 86 88 88 92 97 110 92 101 90 74 64 62 59 61 57 64 66 84 62 52 53 50 49 50 42 46 41 38 38 40 56 55 52 50 46 49 48 56 55 57 59 65 70 88 93 107 91 102 99 84 83 75 70 63 65 66 64 64 65 60 63 82 111 97 77 65 137 87 108 112 94 88 87 96 102 95 83 78 91 95 86 97 83 84 89
65 69 68 71 77 68 74 76 76 80 86 87 88 92 92 101 121 89 113 112 80 72 60 60 57 58 58 59 93 55 53 49 48 45 43 42 46 43 38 36 40 46 49 46 54 47 54 50 52 57 51 61 63 64 87 89 111 88 94 90 86 83 74 66 59 65 60 59 68 70 59 65 94 113 104 91 63 134 87 155 113 85 101 72 103 111 87 87 76 84 98 89 106 80 79 84
67 62 75 77 66 69 68 73 83 82 80 75 83 89 100 97 103 102 96 87 61 59 56 84 75 53 55 67 59 48 59 53 43 70 41 39 37 40 39 37 25 55 57 47 59 48 46 48 42 51 51 60 65 74 71 91 79 83 71 79 66 71 63 58 71 72 60 60 57 66 57 59 100 97 115 122 146 68 110 117 102 105 82 101 100 105 98 94 84 77 78 89 84 82 71 73
73 76 74 73 71 70 72 76 79 79 77 78 83 89 94 91 97 93 94 87 62 72 63 74 66 49 53 61 58 51 58 53 54 87 57 52 38 38 40 38 33 40 43 46 52 53 44 46 42 48 48 52 58 76 67 77 69 76 64 68 63 65 64 62 68 71 63 64 63 65 64 64 97 111 109 110 125 88 92 106 99 104 94 105 113 112 106 97 89 86 78 83 83 83 75 75
78 90 73 69 76 70 75 78 74 75 73 80 83 88 88 84 90 83 91 86 63 84 70 64 57 45 51 55 56 53 57 52 64 104 73 64 39 36 40 39 41 25 29 45 45 57 41 44 41 44 44 44 50 78 62 62 58 68 56 57 60 59 65 65 64 70 65 68 69 64 70 68 93 124 103 97 104 108 73 95 95 102 105 109 125 118 113 99 93 94 78 77 81 83 78 76
84 85 69 77 77 88 83 102 103 99 95 87 85 85 78 83 83 86 105 153 139 66 53 48 52 54 43 51 61 62 72 98 118 98 79 46 62 59 65 41 41 38 33 39 38 47 44 36 36 35 42 46 59 58 54 53 59 51 57 63 65 65 61 61 62 63 71 82 98 76 72 78 94 116 109 95 98 95 109 109 119 93 111 113 116 105 105 97 97 90 80 78 79 82 77 74
83 89 73 76 73 77 86 96 100 99 100 103 91 86 80 79 77 79 99 116 108 65 54 51 52 53 46 51 57 59 66 90 112 97 79 54 61 57 61 44 45 44 32 39 37 42 40 37 34 35 40 44 52 51 47 55 62 56 59 61 65 68 68 66 66 67 70 85 93 86 80 80 98 120 111 97 101 99 104 100 108 99 111 108 112 102 103 93 98 92 81 76 82 81 79 75
81 92 77 75 69 66 88 90 97 98 104 119 97 87 82 74 71 72 93 78 77 63 54 54 51 52 49 50 53 56 59 82 106 96 78 61 60 54 56 47 48 49 31 38 35 37 35 37 31 35 38 41 44 44 39 57 65 60 60 59 65 70 75 70 70 70 68 88 87 96 87 81 101 124 112 98 103 102 98 90 96 104 111 103 107 98 100 89 98 94 82 74 84 80 81 75
63 87 87 68 66 78 79 78 91 85 79 75 75 91 84 73 69 81 72 70 64 54 65 52 58 51 51 48 50 54 63 65 98 103 83 81 100 77 66 41 89 30 40 36 33 37 41 38 47 35 35 43 39 39 47 53 53 59 64 64 66 64 73 77 75 82 87 90 112 134 98 104 99 115 109 117 117 103 92 90 104 98 105 103 102 99 100 101 98 95 96 82 79 75 73 77
59 76 78 64 68 78 79 81 87 83 76 74 74 78 80 75 66 76 71 72 63 56 56 56 53 53 48 50 48 56 74 91 95 101 75 74 88 82 69 50 67 34 38 36 35 38 36 43 57 45 44 42 43 40 51 53 56 59 65 70 68 68 72 83 90 90 99 116 124 133 110 107 100 111 108 116 112 100 91 96 104 100 100 99 100 98 99 101 125 106 103 82 77 74 72 74
54 64 69 60 69 77 78 84 82 80 73 73 73 65 76 77 63 71 69 73 62 58 46 60 47 54 45 52 46 58 84 116 91 99 67 66 75 87 72 58 44 38 35 35 36 38 30 47 66 55 53 41 47 40 55 52 58 59 66 76 70 71 70 89 104 98 110 141 136 132 121 109 100 107 107 114 107 96 89 101 103 102 94 95 97 97 98 100 152 116 110 81 74 73 70 71
55 57 68 72 65 67 66 73 76 81 82 77 76 71 71 65 57 66 54 61 59 61 51 46 44 50 50 49 49 58 77 81 94 79 81 73 66 90 95 61 40 37 31 38 33 48 38 44 52 51 61 54 68 52 63 59 60 56 68 88 77 86 86 99 110 109 110 117 122 134 125 111 109 98 91 90 89 80 101 104 102 100 96 92 100 92 91 89 91 89 79 73 74 71 69 70
