i2maps_working_directory/processors/example2/irl_dem_espg900913.asc
north: 7436000
south: 6692000
east: -604000
west: -1168000
rows: 372
cols: 282
null: *
type: int
[rows 240 to 299 of 372, columns 0 to 95 of 282]
* * * * * * * * * * * * * * * * * * * * * * * * * * * * * * * * * * * * * * * * * * * * * * * * * * * * * * * * * * * 32 56 74 103 113 186 201 257 272 183 124 110 82 74 58 63 74 82 95 100 79 34 16 16 5 6 17 19 26 33 44 36 32 30 33 37 34
* * * * * * * * * * * * * * * * * * * * * * * * * * * * * * * * * * * * * * * * * * * * * * * * * * * * * * * * * * 19 25 45 59 107 105 150 216 330 346 235 116 78 95 80 63 58 67 94 107 126 73 36 12 27 4 5 12 11 22 24 38 36 29 27 32 34 30
* * * * * * * * * * * * * * * * * * * * * * * * * * * * * * * * * * * * * * * * * * * * * * * * * * * * * * * * * * 17 32 46 64 84 88 143 172 221 218 136 105 122 100 103 99 71 78 83 75 70 33 9 37 18 8 5 1 19 19 26 38 23 21 27 41 36 25
* * * * * * * * * * * * * * * * * * * * * * * * * * * * * * * * * * * * * * * * * * * * * * * * * * * * * * * * * 24 29 41 54 59 89 107 135 161 189 180 144 130 123 97 89 88 74 85 81 56 56 41 29 47 14 12 15 2 12 25 27 27 22 21 28 43 35 27
* * * * * * * * * * * * * * * * * * * * * * * * * * * * * * * * * * * * * * * * * * * * * * * * * * * * * * * * 25 38 40 49 61 54 94 125 127 149 156 141 151 155 124 93 75 77 76 92 79 37 41 48 49 57 10 16 15 2 4 30 27 16 20 20 29 45 33 28
* * * * * * * * * * * * * * * * * * * * * * * * * * * * * * * * * * * * * * * * * * * * * * * * * * * * * * * * 30 31 50 42 50 62 98 114 88 84 99 97 130 185 156 164 218 183 166 135 80 66 41 44 63 22 11 1 1 2 2 12 32 28 25 31 27 39 29 33
* * * * * * * * * * * * * * * * * * * * * * * * * * * * * * * * * * * * * * * * * * * * * * * * * * * * * * * * 22 25 40 47 59 69 100 122 117 139 142 130 141 174 170 190 210 181 160 128 98 76 66 38 33 14 7 1 1 2 19 16 44 26 25 27 30 40 38 34
* * * * * * * * * * * * * * * * * * * * * * * * * * * * * * * * * * * * * * * * * * * * * * * * * * * * * * * * 13 18 29 51 68 75 102 129 146 193 185 162 152 162 184 215 201 178 153 121 115 85 91 31 2 5 2 2 1 * 36 19 56 24 24 23 33 41 47 35
* * * * * * * * * * * * * * * * * * * * * * * * * * * * * * * * * * * * * * * * * * * * * * * * * * * * * * * * 28 40 43 57 73 96 120 125 147 119 138 160 141 121 201 169 163 134 154 99 99 83 73 65 14 5 3 * * 1 19 13 23 43 30 30 32 35 22 81
* * * * * * * * * * * * * * * * * * * * * * * * * * * * * * * * * * * * * * * * * * * * * * * * * * * * * * * 12 24 32 34 42 52 68 83 93 112 98 116 126 116 127 159 143 146 105 109 74 69 65 56 56 8 4 * * * 1 17 25 29 41 29 25 26 30 17 54
* * * * * * * * * * * * * * * * * * * * * * * * * * * * * * * * * * * * * * * * * * * * * * * * * * 35 12 8 5 1 9 19 23 24 26 30 39 45 61 76 77 93 92 90 133 116 117 128 75 64 48 39 47 39 20 1 2 * * * * 14 36 35 39 27 20 19 24 12 26
* * * * * * * * * * * * * * * * * * * * * * * * * * * * * * * * * * * * * * * * * * * * * * * * 33 22 37 35 11 8 8 18 25 53 43 50 69 83 79 61 75 77 65 69 66 90 79 85 75 113 117 82 97 46 11 16 1 * * * * * 22 17 12 14 24 18 9 20 4 23
* * * * * * * * * * * * * * * * * * * * * * * * * * * * * * * * * * * * * * * * * * * * * * * * 18 8 10 16 14 8 7 9 20 38 42 47 39 45 70 57 51 71 71 72 66 75 65 67 89 130 153 113 58 43 8 14 11 * * * * * 12 3 4 5 3 31 1 2 3 56
* * * * * * * * * * * * * * * * * * * * * * * * * * * * * * * * * * * * * * * * * * * * * * * * 31 17 14 16 14 10 10 9 19 23 41 38 30 34 49 51 59 63 58 62 59 65 74 80 85 106 117 97 63 43 19 14 * * * * * * 7 3 3 4 4 17 1 2 13 45
* * * * * * * * * * * * * * * * * * * * * * * * * * * * * * * * * * * * * * * * * * * * * * * 66 44 25 18 15 14 11 12 8 17 8 39 28 21 22 27 44 66 54 45 51 51 54 83 93 81 82 81 81 67 42 28 13 * * * * * 5 1 3 2 3 4 2 1 1 22 34
* * * * * * * * * * * * * * * * * * * * * * * * * * * * * * * * * * * * * * * * * * * * * * 12 19 31 25 20 12 12 10 14 34 40 42 59 40 39 35 26 25 34 61 47 46 39 29 66 67 78 81 72 41 38 6 26 * * * * * * * * * * * * * * 1 1 2
* * * * * * * * * * * * * * * * * * * * * * * * * * * * * * * * * * * * * * * * * * * * * 41 15 16 17 21 17 10 8 10 12 34 35 40 50 44 50 44 29 24 30 57 46 50 47 27 66 68 76 66 62 31 22 4 * * * * * * * * * * * * * * * * * *
* * * * * * * * * * * * * * * * * * * * * * * * * * * * * * * * * * * * * * * * * * * * 60 32 18 12 3 17 13 * * 9 10 34 30 37 41 48 60 52 32 23 25 52 45 53 55 24 66 69 73 51 51 20 5 2 * * * * * * * * * * * * * * * * 1 3
* * * * * * * * * * * * * * * * * * * * * * * * * * * * * * * * * * * * * * * * * * * 56 53 41 37 26 30 24 17 3 * 24 29 40 33 32 36 32 35 27 9 20 8 7 21 24 4 21 77 73 73 69 55 44 6 * * * * * * * * * 5 18 12 11 12 6 10 1 2 2
* * * * * * * * * * * * * * * * * * * * * * * * * * * * * * * * * * * * * * * * * * 42 40 40 33 29 30 36 27 23 6 * 14 20 34 39 30 35 45 50 35 23 32 20 15 18 14 24 31 64 62 64 60 52 38 * * * * * * * * 9 19 13 18 16 14 14 28 6 1 2 2
* * * * * * * * * * * * * * * * * * * * * * * * * * * * * * * * * * * * * * * * * 27 24 23 26 24 20 34 42 29 28 * * * * * 45 28 33 58 64 43 36 43 32 23 * * 43 40 51 50 54 51 49 * * * * * * * * * 13 20 20 18 20 17 15 50 2 1 2 2
* * * * * * * * * * * * * * * * * * * * * * * * * * * * * * * * * * * * * * * * 40 39 38 32 33 32 19 10 8 * * * * * * * * 23 7 30 22 25 39 36 * * * 39 9 11 2 24 2 15 * * * * 18 4 3 * 6 12 12 25 26 28 39 27 34 24 22 15 7 5
* * * * * * * * * * * * * * * * * * * * * * * * * * * * * * * * * * * * * * * 35 28 27 25 20 31 * * * * * * * * * * * * * * * * * * * * * 46 32 12 * * * * * * 100 93 5 12 12 5 11 8 13 12 24 31 32 36 30 44 29 16 4 4 3
* * * * * * * * * * * * * * * * * * * * * * * * * * * * * * * * * * * * * * 39 30 16 14 12 7 * * * * * * * * * * * * * * * * * * * * * 39 61 24 * * * * 20 58 101 100 89 1 6 20 7 13 9 13 12 23 36 35 33 33 54 34 9 2 1 1
* * * * * * * * * * * * * * * * * * * * * * * * * * * * * * * * * * * 12 13 17 16 23 6 2 2 6 * * * * * * * * * * * * * * * * * * * * * * * * * * * 31 62 109 108 111 113 6 10 39 51 17 15 19 18 35 39 39 39 18 11 10 2 2 1 13
* * * * * * * * * * * * * * * * * * * * * * * * * * * * * * * * * 13 5 10 13 27 35 47 29 * * * * * * * * * * * * * * * * * 32 38 * * * * 17 1 7 30 68 108 58 59 90 94 95 121 60 25 26 41 42 21 22 22 20 51 43 39 30 28 9 16 9 11 11 17
* * * * * * * * * * * * * * * * * * * * * * * * * * * * * * * * 20 23 20 18 12 * * * * * * * * * * 62 66 49 25 39 33 34 10 3 * 38 39 49 39 29 43 43 66 70 48 48 77 100 87 65 83 103 104 107 62 37 41 43 38 27 24 22 28 45 44 37 33 26 11 21 20 14 10 15
* * * * * * * * * * * * * * * * * * * * * * * * * * * * * * * * * * * * * * * * * * * * * * 57 93 96 65 48 34 33 35 17 2 18 43 46 60 47 47 71 81 115 139 89 65 85 91 115 71 75 112 112 93 64 49 55 44 33 33 25 22 36 38 45 35 35 24 13 25 30 17 9 13
* * * * * * * * * * * * * * * * * * * * * * * * * * * * * * * * * * * * * * * * * * * * * * 71 103 105 91 79 76 56 42 38 16 37 59 70 66 58 65 104 144 169 130 97 114 144 138 88 103 109 121 123 151 105 78 68 55 51 35 45 35 36 34 36 39 42 27 21 27 37 16 13 12
* * * * * * * * * * * * * * * * * * * * * * * * * * * * * * * * * * * * * * * * * * * * * * 83 140 176 134 101 86 61 46 37 21 32 53 54 53 53 63 113 140 159 131 139 155 151 135 107 127 128 138 121 156 142 110 77 56 50 37 44 38 34 38 44 38 37 31 24 27 37 26 21 18
* * * * * * * * * * * * * * * * * * * * * * * * * * * * * * * * * * * * * * * * * * * * * 76 94 176 247 176 123 96 65 49 36 26 26 46 37 39 47 60 122 135 148 132 180 195 157 132 126 151 147 154 119 160 179 142 85 56 49 39 43 40 32 42 51 37 32 34 26 27 36 36 29 24
* * * * * * * * * * * * * * * * * * * * * * * * * * * * * * * * * * * * * * * * * * * * * 23 26 46 72 85 78 114 80 52 41 31 31 23 32 33 42 65 97 118 111 141 147 152 192 209 215 205 210 178 177 190 217 101 79 61 47 39 49 39 38 34 34 32 35 29 37 44 43 39 38 31
* * * * * * * * * * * * * * * * * * * * * * * * * * * * * * * * * * * * * * * * * * * * * 17 15 29 46 56 61 84 80 60 49 30 30 25 31 30 37 53 94 112 102 129 131 146 165 167 203 233 217 197 181 182 180 97 74 55 45 38 42 37 36 39 40 42 46 39 42 48 52 51 45 39
* * * * * * * * * * * * * * * * * * * * * * * * * * * * * * * * * * * * * * * * * * * * * * * 11 19 26 43 54 80 68 57 28 28 27 29 27 32 40 91 105 93 116 115 139 137 125 191 261 223 216 184 173 143 92 68 48 42 36 35 34 34 44 46 51 56 49 47 52 60 62 51 46
* * * * * * * * * * * * * * * * * * * * * * * * * * * * * * * * * * * * * * * * * * * 23 29 5 6 * 11 16 21 22 21 20 23 71 66 60 47 31 30 35 43 65 60 59 67 97 134 168 176 171 215 244 319 158 109 78 64 59 47 44 38 44 53 72 93 140 169 127 97 110 243 137 210 130
* * * * * * * * * * * * * * * * * * * * * * * * * * * * * * * * * * * * * * * * * * 53 43 42 24 27 5 9 12 16 13 17 19 22 74 76 58 43 34 45 66 60 82 94 80 71 91 117 144 168 189 226 277 252 138 106 72 65 62 50 50 54 62 67 77 89 114 135 110 103 120 175 118 149 106
* * * * * * * * * * * * * * * * * * * * * * * * * * * * * * * * * * * * * * * * * 63 67 62 55 42 19 3 6 8 10 4 12 18 20 76 85 56 38 36 59 97 76 99 128 101 74 85 100 119 159 206 236 309 184 118 103 66 65 64 53 55 69 80 80 81 84 87 100 93 108 129 107 99 87 81
* * * * * * * * * * * * * * * * * * * * * * * * * * * * * * * * * * * * * * * 39 47 62 58 52 44 25 5 2 1 1 3 4 5 10 11 27 20 33 36 31 37 69 123 142 195 222 195 200 204 248 263 237 285 319 227 115 89 61 61 48 44 51 60 69 71 72 76 84 91 105 110 119 110 90 88 111
* * * * * * * * * * * * * * * * * * * * * * * * * * * * * * * * * * * * * 52 55 55 61 54 58 47 33 13 4 3 1 4 4 6 7 12 17 57 33 36 47 49 34 64 119 141 181 206 167 190 173 212 221 236 277 278 242 119 92 64 59 50 46 51 60 64 68 70 84 106 145 178 169 151 145 102 98 106
* * * * * * * * * * * * * * * * * * * * * * * * * * * * * * * * 49 51 17 40 40 58 70 70 74 45 58 42 21 1 3 4 1 7 5 8 9 14 23 86 45 38 57 66 30 59 114 140 166 189 139 180 141 176 179 234 269 237 256 123 94 67 57 51 47 51 59 59 64 67 91 127 198 250 227 183 179 114 108 100
* * * * * * * * * * * * * * * * * * * * * * * * * * * * * * 132 144 188 199 143 66 54 53 53 43 28 12 4 5 9 4 3 1 5 9 8 4 9 16 70 85 55 94 170 159 86 46 64 94 120 131 107 144 195 210 254 258 153 161 249 164 119 73 59 56 55 59 56 58 60 91 90 111 111 101 99 105 100 107 101 93
* * * * * * * * * * * * * * * * * * * * * * * * * * * * * * * 36 40 49 36 47 30 17 20 6 15 5 13 12 10 9 4 9 10 13 40 35 85 89 110 56 83 112 141 141 119 122 99 43 50 73 111 105 117 114 156 126 130 173 261 248 128 89 74 67 67 61 58 56 60 74 86 96 91 104 117 102 103 92 89 84
* * * * * * * * * * * * * * * * * * * * * * * * * * * * * * * * * 38 27 29 16 9 13 9 14 9 13 9 10 6 4 7 11 22 49 57 122 130 143 78 82 108 135 151 166 149 115 78 66 77 108 109 122 111 150 190 172 208 246 217 170 98 88 80 75 70 68 64 67 74 85 93 95 105 118 108 99 91 84 81
* * * * * * * * * * * * * * * * * * * * * * * * * * * * * * * * * * * * 1 1 6 11 13 12 13 6 10 3 4 4 12 30 58 79 158 171 175 100 80 103 129 161 212 175 131 112 81 80 105 112 126 108 143 253 214 242 231 186 211 107 102 92 83 78 78 72 73 73 84 90 99 105 118 113 95 90 78 77
* * * * * * * * * * * * * * * * * * * * * * * * * * * * * * * * * * * * * 20 25 21 21 21 19 6 4 3 12 40 85 108 139 218 257 215 206 135 118 127 151 184 186 142 67 94 127 200 224 230 205 171 141 139 132 149 189 193 202 273 109 98 95 93 93 92 88 90 87 95 99 104 116 106 98 89 80 77
* * * * * * * * * * * * * * * * * * * * * * * * * * * * * * * * * * * * * 16 24 18 24 20 14 10 11 10 20 50 88 118 154 201 215 181 167 143 159 168 185 201 180 133 72 99 111 156 190 211 230 215 168 212 204 179 195 235 265 280 228 142 110 102 98 97 97 94 96 107 106 104 121 114 106 100 93 99
* * * * * * * * * * * * * * * * * * * * * * * * * * * * * * * * * * * * * 11 22 14 27 18 8 14 17 17 28 59 91 127 169 184 173 146 127 151 199 209 218 218 173 124 77 104 95 111 156 192 255 259 195 284 276 208 201 276 328 287 346 186 124 110 102 102 106 97 104 118 113 104 126 121 114 110 106 120
* * * * * * * * * * * * * * * * * * * * * * * * * * * * * * * * * * * * * 1 5 15 19 40 47 43 54 84 106 135 137 201 307 261 229 215 175 170 225 263 260 218 220 147 179 154 109 91 102 147 167 183 248 261 270 301 236 278 277 331 342 305 221 217 180 130 198 157 143 142 140 149 107 124 117 127 126 149
* * * * * * * * * * * * * * * * * * * * * * * * * * * * * * * * * * * * * 6 16 24 47 52 58 59 76 101 137 199 216 259 297 235 211 190 161 188 234 242 238 193 190 147 197 151 147 127 134 138 166 152 217 230 239 271 275 328 320 354 333 302 239 237 219 199 211 180 148 136 137 134 106 120 118 132 143 153
* * * * * * * * * * * * * * * * * * * * * * * * * * * * * * * * * * * * * 10 26 32 74 64 69 75 98 118 168 262 294 316 287 208 193 164 147 205 243 221 215 168 160 146 215 148 185 163 166 129 165 120 186 198 208 241 313 377 362 377 323 298 257 256 257 267 224 202 153 129 133 119 105 116 119 136 160 157
* * * * * * * * * * * * * * * * * * * * * * * * * 3 6 * * * * * * * * 3 5 20 26 47 96 89 111 122 92 104 113 166 219 340 307 227 245 209 185 235 273 261 191 180 204 155 191 169 216 172 147 170 220 170 223 290 288 300 298 287 256 329 287 298 269 237 194 194 230 214 197 203 199 172 148 115 123 167 144 111
* * * * * * * * * * * * * * * * * * * * * * * * * 5 * * * * * * * * * * 15 32 38 56 53 54 70 82 67 79 98 123 166 232 231 239 265 232 204 255 286 242 228 203 201 186 219 194 222 177 157 180 225 192 206 256 275 286 266 282 277 314 282 283 258 240 211 219 209 204 192 186 191 175 172 144 123 159 123 105
* * * * * * * * * * * * * * * * 78 188 76 * * * * * * 6 5 * * * * * * * 13 26 25 43 49 65 9 18 29 41 41 54 83 80 112 124 154 250 284 254 222 274 298 223 265 225 198 217 247 219 227 182 167 190 230 213 188 222 262 272 233 277 298 299 276 268 246 243 227 244 188 193 187 169 183 178 195 172 122 150 102 99
* * * * * * * * * * * * * 310 264 399 255 52 14 * * * * * * 2 3 * * * * * * * * * * 11 13 9 8 26 7 10 15 17 25 37 57 80 107 122 175 236 255 155 191 239 269 252 248 300 285 286 253 201 249 293 248 260 243 218 221 264 332 261 314 306 235 252 286 263 206 228 260 199 171 175 131 200 227 162 104 112 116 102
* * * * * * * * * * * 467 692 377 248 174 96 33 * * * * * * 2 1 1 * * * * * * * * * * * * * * 10 16 7 10 11 25 29 29 32 37 42 63 67 72 91 118 71 111 176 237 245 389 388 327 223 305 366 324 253 293 251 328 264 383 329 379 269 219 183 269 248 231 175 220 233 206 205 124 179 210 207 107 114 112 125
* * * * * * * * * * * 501 713 503 273 150 70 28 * * * * * 58 54 20 26 12 * * * * * * * * 12 * * * * * 40 38 48 42 37 30 25 27 31 32 41 47 51 63 79 56 90 126 176 186 297 399 332 288 306 380 342 272 297 275 348 314 357 351 320 258 244 193 237 234 225 185 190 210 199 197 126 158 196 184 139 143 149 154
* * * * * * * * * * 210 534 734 629 298 126 43 22 * 52 34 55 97 114 105 38 20 8 4 9 21 * * * * 36 22 38 70 50 58 47 63 69 85 72 48 31 21 22 25 21 19 26 29 35 40 40 68 76 114 127 205 409 337 353 307 393 359 290 300 298 367 363 331 373 261 246 269 203 205 219 218 194 160 186 192 189 127 136 182 160 171 172 186 182
* * * * * * * 5 16 31 395 496 475 392 253 93 28 48 62 147 334 320 454 534 389 226 64 54 25 13 25 30 171 237 486 314 539 500 333 455 299 297 249 221 221 220 169 104 51 72 29 19 17 16 19 22 25 35 39 46 71 82 235 317 415 448 381 293 361 373 244 241 257 295 269 277 262 227 236 220 174 198 178 206 185 181 126 146 106 144 160 172 116 167 184 141
* * * * * * * 21 21 48 261 448 567 463 199 72 44 85 146 103 387 411 515 426 289 295 168 71 130 67 100 120 203 305 597 537 626 574 431 495 372 330 269 237 196 193 126 80 44 50 28 23 16 21 22 28 30 45 46 57 82 151 245 274 340 385 350 275 299 347 256 229 247 279 254 256 235 218 231 219 197 170 181 179 176 164 134 124 116 154 165 167 110 135 149 129
* * * * * * * 36 25 65 127 400 658 533 145 51 60 121 230 59 439 501 576 317 188 363 271 87 235 120 175 209 234 373 707 760 712 648 528 534 444 363 289 253 171 166 82 55 37 28 26 26 15 25 25 34 35 55 52 68 92 219 255 230 265 321 319 257 236 321 267 216 236 263 238 235 207 208 225 218 220 141 184 152 167 146 142 101 125 164 170 162 104 103 114 117
