i2maps_working_directory/processors/example2/irl_dem_espg900913.asc
north: 7436000
south: 6692000
east: -604000
west: -1168000
rows: 372
cols: 282
null: *
type: int
[rows 0 to 59 of 372, columns 96 to 191 of 282]
* * * * * * * * * * * * * * * * * * * * * * * * * * * * * * * * * * * * * * * * * * * * * * * * * * * * * * * * * * * * * * * * * * * * * * * * * * * * * 36 39 * * * * * * * * * * * * * * * * *
* * * * * * * * * * * * * * * * * * * * * * * * * * * * * * * * * * * * * * * * * * * * * * * * * * * * * * * * * * * * * * * * * * * * * * * * * * * * * * 27 44 88 111 * * * * * * * * * * * * * *
* * * * * * * * * * * * * * * * * * * * * * * * * * * * * * * * * * * * * * * * * * * * * * * * * * * * * * * * * * * * * * * * * * * * * * * * * * * * * * * 59 103 115 99 80 135 * * * * * * * * * * *
* * * * * * * * * * * * * * * * * * * * * * * * * * * * * * * * * * * * * * * * * * * * * * * * * * * * * * * * * * * * * * * * * * * * * * * * * * * * * * * 24 70 112 120 184 190 226 182 * * * * * * * * *
* * * * * * * * * * * * * * * * * * * * * * * * * * * * * * * * * * * * * * * * * * * * * * * * * * * * * * * * * * * * * * * * * * * * * * * * * * * * * * * 62 82 128 126 146 166 193 199 118 * * * * * * * *
* * * * * * * * * * * * * * * * * * * * * * * * * * * * * * * * * * * * * * * * * * * * * * * * * * * * * * * * * * * * * * * * * * * * * * * * * * * * * * * * 94 143 132 108 142 160 215 83 * * * * * * * *
* * * * * * * * * * * * * * * * * * * * * * * * * * * * * * * * * * * * * * * * * * * * * * * * * * * * * * * * * * * * * * * * * * * * * * * * * * * * * * * * * 70 93 104 128 91 136 103 104 * * * * * * *
* * * * * * * * * * * * * * * * * * * * * * * * * * * * * * * * * * * * * * * * * * * * * * * * * * * * * * * * * * * * * * * * * * * * * * * * * * * * * 20 10 34 * * 49 55 76 82 85 68 53 3 * * * * * *
* * * * * * * * * * * * * * * * * * * * * * * * * * * * * * * * * * * * * * * * * * * * * * * * * * * * * * * * * * * * * * * * * * * * * * * * * * * * 21 9 14 53 20 * * 5 24 72 34 32 1 4 * * * * * *
* * * * * * * * * * * * * * * * * * * * * * * * * * * * * * * * * * * * * * * * * * * * * * * * * * * * * * * * * * * * * * * * * * * * * 101 7 3 3 3 127 74 32 69 26 9 * * * * 13 10 6 7 37 65 94 76 * * * *
* * * * * * * * * * * * * * * * * * * * * * * * * * * * * * * * * * * * * * * * * * * * * * * * * * * * * * * * * * * * * 49 * * * * * * * * 57 176 52 8 71 70 70 114 75 49 35 37 9 11 16 14 15 13 37 55 92 76 66 49 * *
* * * * * * * * * * * * * * * * * * * * * * * * * * * * * * * * * * * * * * * * * * * * * * * * * * * * * * * * * * * * 25 61 94 * * * * * * * 107 348 101 12 15 66 107 158 123 88 66 22 15 16 18 17 24 19 36 45 89 76 74 55 71 146
* * * * * * * * * * * * * * * * * * * * * * * * * * * * * * * * * * * * * * * * * * * * * * * * * * * * * * * * 7 11 12 10 50 48 63 55 * * * * * * 224 310 144 41 36 79 84 119 134 86 83 64 32 31 37 56 55 45 30 61 83 83 89 91 101 151
* * * * * * * * * * * * * * * * * * * * * * * * * * * * * * * * * * * * * * * * * * * * * * * * * * * * * 37 * * 8 11 13 9 74 35 31 23 * * * * * 2 340 271 186 70 56 92 61 80 145 84 99 106 49 46 56 94 85 71 24 76 77 90 104 126 131 155
* * * * * * * * * * * * * * * * * * * * * * * * * * * * * * * * * * * * * * * * * * * * * * * * * * * * 57 7 * 17 22 8 8 123 62 93 85 20 * * * * * 274 163 238 182 225 177 98 131 137 153 146 133 127 62 112 105 161 171 119 99 80 71 108 109 192 218 252
* * * * * * * * * * * * * * * * * * * * * * * * * * * * * * * * * * * * * * * * * * * * * * * * * * * 146 48 23 * 53 70 32 41 109 113 109 52 39 * * * * 174 198 172 241 239 292 158 123 184 173 219 184 195 154 83 116 148 176 184 161 154 111 108 134 122 153 200 239
* * * * * * * * * * * * * * * * * * * * * * * * * * * * * * * * * * * * * * * * * * 169 188 158 * * * * * 161 139 38 * 2 89 118 55 * * 164 125 19 57 * * * * 258 122 181 243 296 358 139 147 237 208 284 222 257 181 103 120 190 190 197 202 209 142 145 159 134 114 182 226
* * * * * * * * * * * * * * * * * * * * * * * * * * * * * * * * * * * * * * * * * * 100 126 127 * * * * * 61 73 43 * * 18 28 12 * * 30 28 21 44 * * * * 66 99 259 286 278 286 206 93 146 208 498 367 261 191 144 87 246 199 184 232 248 250 254 257 191 54 86 100
* * * * * * * * * * * * * * * * * * * * * * * * * * * * * * * * * * * * * * * * * * 66 70 * * * * * * * 39 24 * * * * 9 * * 20 32 37 42 70 * * * * 68 199 220 215 232 160 86 145 243 423 346 268 187 162 136 232 233 205 233 253 196 237 216 169 60 65 56
* * * * * * * * * * * * * * * * * * * * * * * * * * * * * * * * * * * * * * * * * 36 31 * 3 34 23 14 * * * 5 4 3 10 16 54 * 14 * 10 35 52 39 86 65 46 * * * 139 153 151 177 113 78 143 278 348 325 274 182 179 185 217 267 226 234 258 141 220 175 147 65 * *
* * * * * * * * * * * * * * * * * * * * * * * * * * * * * * * * * * * * * * * 48 91 28 13 42 118 99 19 3 16 * * * 15 23 58 44 25 12 * * * 61 47 205 65 37 46 * * * * 111 88 80 65 102 275 327 222 167 140 192 239 212 179 334 245 125 133 98 102 62 30 * * *
* * * * * * * * * * * * * * * * * * * * * * * * * * * 36 * * * * * * * * * 12 17 50 72 50 76 91 110 69 14 9 * 16 * * 19 43 109 73 29 40 22 * * 83 164 142 66 70 90 * * * * 99 63 57 61 93 181 211 213 155 141 174 227 228 174 251 200 118 96 57 66 35 * * * *
* * * * * * * * * * * * * * * * * * * * * * * * * * * 38 27 30 38 * 41 3 * * 27 4 23 52 53 71 139 139 101 39 8 15 13 17 * 7 23 63 160 101 32 68 34 * * 105 280 78 66 103 83 * * * * * 38 34 57 83 87 94 204 142 142 156 215 243 169 168 154 111 59 * * * * * * *
* * * * * * * * * * * * * * * * * * * * * * * * * * 226 169 65 33 41 130 79 1 * 43 43 23 33 72 83 140 118 104 46 67 13 1 24 9 * 19 61 142 180 228 178 56 16 18 * 67 140 144 112 92 57 8 * * * * * 61 92 180 222 210 169 179 201 259 287 291 199 111 40 12 12 * * * * * * *
* * * * * * * * * * * * * * * * * * * * * * * * * * 162 136 70 53 50 96 68 12 * 53 54 44 54 95 100 165 143 166 147 53 38 32 44 27 23 28 93 130 167 166 178 58 14 39 59 100 164 219 109 91 58 76 16 * * * * 85 86 151 176 180 178 200 211 276 267 244 165 78 33 7 * * * * * * * *
* * * * * * * * * * * * * * * * * * * * * * * * * * 98 103 75 73 58 62 56 23 101 63 64 65 74 118 116 190 167 228 248 38 62 63 63 45 32 36 124 117 153 103 178 59 12 59 96 133 188 294 106 90 59 144 25 * * * * 109 79 121 129 150 186 220 221 292 246 196 130 45 25 * * * * * * * * *
* * * * * * * * * * * * * * * * * * * * * * * * * 19 63 76 121 152 155 113 89 21 88 100 84 138 100 109 276 632 319 126 98 92 76 39 54 37 40 90 136 168 267 304 163 43 42 * 113 159 180 231 272 117 67 10 8 * * * 294 195 115 96 143 163 217 272 398 245 146 117 79 5 * * * * * * * * * *
* * * * * * * * * * * * * * * * * * * * * * * * * 15 59 80 119 149 180 188 131 37 93 114 108 159 159 159 233 434 250 137 108 128 89 53 43 86 100 125 172 249 295 210 108 49 47 66 122 182 175 175 165 77 46 12 7 * * * 191 182 139 117 191 313 279 237 269 178 115 89 44 7 * * * * * * * * * *
* * * * * * * * * * * * * * * * * * * * * * * * * 31 55 84 117 146 205 262 172 52 98 127 131 179 217 208 190 235 181 148 118 164 101 67 32 134 160 160 208 329 323 116 53 54 52 85 130 204 169 119 57 37 24 * * * * * * 169 163 137 239 462 340 202 140 111 84 60 8 * * * * * * * * * * *
* * * * * * * * * * * * * * * * * * * * * * * * * 20 55 108 200 226 327 318 384 86 132 166 140 318 475 315 302 181 133 108 141 75 29 55 195 108 146 203 226 256 238 105 81 48 26 57 114 49 51 8 6 21 * * * * * * * 49 164 228 174 128 63 59 83 69 28 5 3 * * * * * * * * * * *
* * * * * * * * * * * * * * * * * * * * * * * * * * 49 101 166 210 281 251 291 102 130 187 140 299 354 252 242 185 213 118 110 64 46 60 200 101 114 145 160 184 183 93 60 37 50 58 82 49 36 10 10 * * * * * * * * 42 121 132 115 97 63 70 77 68 22 5 4 * * * * * * * * * * *
* * * * * * * * * * * * * * * * * * * * * * * 14 * * 43 93 132 194 234 184 198 117 127 207 140 280 232 189 181 189 293 127 78 52 62 64 204 94 82 87 94 112 128 80 38 25 73 59 50 48 21 11 * * * * * * * * * 43 40 36 55 66 63 81 70 66 15 5 * * * 4 * * * * * * * *
* * * * * * * * * * * * * * * * * * * * * * 10 19 * 23 50 80 122 151 151 122 137 135 173 273 286 307 254 227 272 326 256 84 68 105 149 107 158 109 129 105 97 101 83 55 44 22 56 59 46 37 18 * * 29 13 * * * * * * 19 33 28 30 41 63 61 52 53 22 10 11 7 7 4 3 45 * * * * * 39
* * * * * * * * * * * * * * * * * * * * * * 6 16 * 26 56 67 111 107 67 59 75 153 218 338 432 334 276 265 362 463 218 40 57 158 236 150 111 123 176 123 100 90 37 30 50 19 38 58 41 26 14 21 38 25 7 * * * 15 24 73 6 46 20 5 15 63 41 34 40 28 14 10 6 7 2 3 67 122 43 2 34 48 35
* * * * * * * * * * * * * * * * * * * * 6 5 7 3 16 25 27 136 282 258 273 232 112 61 120 239 243 253 299 426 329 249 39 176 198 195 260 178 235 147 132 119 82 87 37 124 90 39 12 16 23 41 48 71 44 18 5 * * 20 1 33 140 168 141 90 89 65 19 29 60 11 20 9 9 70 22 12 61 130 118 84 88 123 101 92
* * * * * * * * * * * * * * * * * * * * 11 23 33 12 44 47 34 114 303 342 327 256 181 176 155 201 175 284 323 453 350 281 198 182 203 150 182 125 189 129 113 119 67 71 56 88 58 44 56 61 69 70 73 46 26 15 * * 27 29 25 67 135 159 144 139 120 101 27 25 34 10 27 12 14 91 63 41 99 147 129 113 134 161 134 110
* * * * * * * * * * * * 81 83 * * * * 24 * 16 41 58 20 72 69 40 91 324 426 381 280 250 290 190 163 106 315 347 479 371 313 356 188 207 104 104 72 143 110 93 118 52 54 74 52 25 49 100 105 115 98 97 21 8 * * 33 18 36 48 100 130 150 147 187 151 137 34 21 7 21 34 15 19 112 104 69 137 164 140 141 180 199 167 128
* * * * * * * * * * * 182 170 85 41 * * 13 24 15 15 20 57 56 62 67 61 119 141 316 395 434 420 338 256 387 502 472 402 275 355 187 313 321 309 93 70 72 92 62 55 38 48 66 54 59 56 148 179 160 101 41 24 * * * 42 12 3 24 22 13 31 65 135 111 156 128 32 19 43 77 74 41 136 138 82 98 138 153 163 252 289 268 262 245
* * * * * * * * * * * 140 133 56 28 10 * * 18 39 33 40 57 54 76 72 75 109 124 228 294 363 375 381 383 434 435 394 333 291 311 150 241 251 191 85 102 116 104 57 54 97 116 112 99 100 105 151 142 116 78 39 * * * 44 50 30 41 55 25 10 19 48 96 76 102 100 49 79 67 46 46 42 120 115 119 130 162 157 171 238 273 251 250 234
* * * * * * * * * * * 98 96 26 14 8 * * * 62 51 60 56 52 89 77 89 99 106 139 192 291 330 424 509 481 368 315 264 307 266 112 169 180 72 76 133 160 116 51 52 156 184 157 144 140 154 153 104 71 55 36 * * 59 43 58 47 79 86 28 6 7 31 57 40 48 71 66 138 90 15 18 43 104 91 156 162 185 160 178 223 256 233 238 222
* * * * * * * * * * * * * * * * * * * * 19 23 40 65 66 46 176 130 163 201 224 309 322 419 399 193 97 311 474 439 389 180 151 87 125 221 219 161 100 69 158 235 254 214 141 114 77 28 59 6 31 * * 144 109 82 68 73 103 183 57 17 12 17 48 53 35 67 99 166 25 86 77 30 83 137 181 124 160 159 164 213 176 191 216 256
* * * * * * * * * * * * * * * * * * * * * 18 35 54 42 65 203 147 147 153 230 315 260 258 239 149 151 253 380 399 343 206 195 170 163 202 182 151 118 72 116 179 235 167 132 62 40 15 40 4 * 26 10 113 83 75 79 133 156 165 58 18 12 11 27 30 19 13 79 116 106 162 116 57 73 132 136 134 159 166 167 217 209 223 207 246
* * * * * * * * * * * * * * * * * 2 * * * * 30 42 17 84 230 163 130 105 236 320 198 97 79 104 204 195 286 359 296 231 239 253 200 182 145 141 136 75 73 122 216 120 122 10 2 1 2 2 34 22 4 81 57 68 90 193 209 146 59 18 11 5 6 7 2 18 58 66 186 238 154 83 62 126 90 144 157 173 170 220 241 254 198 235
* * * * * * * * * * * * * * * * * 2 11 4 39 40 77 44 31 47 55 58 65 104 103 128 90 57 77 107 134 213 278 242 204 261 285 225 143 108 84 67 104 89 114 42 27 15 73 91 115 62 83 95 64 52 30 51 77 97 107 107 110 81 51 2 13 23 13 48 70 89 104 277 265 267 205 191 196 60 116 184 243 220 199 171 139 145 156 138
* * * * * * * * * * * * * * * * * * 97 41 24 23 47 55 36 48 53 59 66 87 99 72 56 78 99 110 154 227 248 215 217 261 244 218 197 172 119 121 152 169 152 114 104 44 88 116 142 103 99 97 72 49 57 86 89 91 108 90 112 74 39 25 26 14 49 108 135 63 170 243 251 229 232 240 201 77 102 155 190 174 143 157 160 140 164 175
* * * * * * * * * * * * * * * * * * 182 78 9 5 17 66 41 49 50 59 67 69 94 16 22 98 120 113 173 240 217 188 229 260 202 210 251 236 154 174 199 248 190 186 180 72 103 141 168 143 115 99 79 46 83 120 101 85 109 72 114 67 27 48 26 4 85 168 199 36 236 208 236 191 258 288 205 93 88 126 137 127 86 143 180 134 172 212
* * * * * * * * * * * * * * * * * * * 42 15 6 * * 60 76 87 197 145 35 57 89 91 93 140 215 187 198 243 193 170 267 205 152 207 276 272 289 269 244 251 206 211 161 208 230 201 193 177 138 127 133 190 195 177 116 93 129 110 121 18 12 8 3 6 47 61 50 139 90 105 104 126 122 121 187 147 120 114 119 104 83 124 113 157 153
* * * * * * * * * * * * * * * * * * * 36 11 8 * * 34 57 86 134 74 31 98 201 168 110 175 192 188 171 203 219 182 263 213 149 199 227 244 264 289 256 228 208 204 189 214 199 180 169 170 117 146 152 200 168 145 92 68 88 66 61 10 8 8 5 8 34 42 43 84 76 75 99 110 141 171 207 162 137 136 146 134 110 124 159 181 161
* * * * * * * * * * * * * * * * * * * * * * * * * 38 84 70 3 27 138 313 245 126 209 168 189 144 162 244 193 259 221 145 190 178 216 239 309 267 204 209 196 216 220 167 159 145 162 96 164 170 209 140 112 67 43 46 22 1 1 8 4 8 9 20 22 36 29 61 45 93 94 160 220 227 176 154 157 173 163 137 123 205 205 169
* * * * * * * * * * * * * * * * * * * * * * 65 125 31 38 4 66 100 149 183 236 171 176 149 132 173 186 122 191 191 220 219 133 241 223 235 261 352 359 285 207 177 157 150 99 80 85 77 67 61 54 71 36 23 26 18 1 3 16 23 16 9 6 46 68 134 141 97 52 99 145 148 156 121 144 205 313 210 135 169 161 120 187 198 192
* * * * * * * * * * * * * * * * * * * * * * 61 89 30 23 63 89 138 220 183 197 154 213 175 167 175 181 154 177 186 194 193 135 165 210 234 240 270 309 255 207 175 158 151 88 77 66 62 51 62 51 45 70 29 20 56 8 21 22 20 6 3 20 54 77 137 140 131 89 101 141 136 176 145 163 203 235 174 183 204 202 161 172 218 233
* * * * * * * * * * * * * * * 63 * * * * * * 42 52 29 7 121 111 176 291 183 158 137 249 200 201 176 175 186 162 180 168 167 137 89 196 232 218 188 258 224 206 172 159 151 76 73 47 46 35 63 48 19 103 34 14 94 14 38 27 16 1 4 33 61 86 140 138 164 125 103 137 124 195 168 182 200 157 137 230 239 243 201 156 238 273
* * * * * * * * * * * * * * 60 62 * * * 44 5 * * 37 68 56 217 143 166 208 184 201 267 303 236 198 233 181 219 250 264 251 228 188 119 146 190 172 160 212 206 178 168 166 161 86 95 87 109 89 73 55 38 60 20 12 57 29 50 61 9 2 38 91 109 111 136 140 140 147 137 131 135 169 156 202 215 193 190 236 258 308 301 199 287 303
* * * * * * * * * * * * * 39 70 58 80 25 33 50 5 35 36 22 107 105 312 175 156 125 185 243 397 357 272 194 289 186 251 337 347 334 289 238 148 96 147 126 132 165 187 149 164 172 171 95 116 127 171 142 83 61 56 17 6 9 19 44 61 95 2 2 72 148 157 136 131 142 116 168 170 124 146 143 143 222 229 228 243 241 276 372 401 241 335 333
* * * * * * * * * * * * 8 18 26 48 18 15 36 26 59 64 50 163 229 212 96 80 98 268 318 234 224 216 190 184 243 260 309 211 166 126 131 75 145 112 65 48 55 99 143 97 111 108 100 61 124 128 106 141 107 111 69 56 41 109 55 142 80 39 15 10 84 155 194 245 197 168 266 225 197 198 230 301 212 198 215 245 312 404 415 456 428 409 486 606
* * * * * * * * * * * * * * 19 32 13 19 44 27 46 61 51 117 144 139 104 101 159 250 267 191 195 200 240 234 319 280 282 183 321 230 178 94 168 164 106 96 77 94 115 71 67 69 64 40 72 80 80 107 78 76 59 41 27 65 68 80 43 29 20 19 88 143 181 224 232 247 292 268 204 213 282 267 196 280 314 366 351 418 478 376 395 453 433 465
* * * * * * * * * * * * * * * 15 7 23 52 28 32 58 52 70 58 66 111 121 219 231 216 147 166 184 289 283 394 299 255 154 475 333 225 112 190 216 146 144 98 89 87 45 23 29 27 19 20 31 54 72 49 41 48 25 12 20 80 17 5 19 25 27 92 130 168 202 267 326 317 310 211 227 333 233 180 362 413 487 389 431 540 295 362 497 380 324
* * * * * * * * * * * * * * * 13 * 27 30 20 31 29 41 34 46 36 56 45 68 134 111 129 121 296 359 248 197 180 169 267 240 143 145 134 169 257 267 195 170 218 104 70 37 34 54 56 52 27 17 5 11 38 42 46 40 31 7 26 68 104 31 21 99 152 256 241 184 153 228 318 277 207 231 202 278 254 289 377 279 405 239 245 201 218 236 196
* * * * * * * * * * * * * 13 20 25 18 * 18 24 37 45 41 48 60 105 137 107 128 173 169 197 216 401 442 386 347 221 294 335 388 171 279 153 230 232 233 210 169 165 120 98 93 84 85 97 87 54 42 48 59 66 76 72 52 58 64 57 93 110 37 18 76 115 173 175 152 154 213 236 226 182 214 161 209 237 241 296 238 300 226 218 177 229 279 279
* * * * * * * * * * * * * * * 37 8 8 * 28 43 60 40 62 74 174 218 169 187 212 227 265 310 505 525 524 496 262 418 402 536 198 413 171 290 207 198 224 168 112 136 125 149 134 115 138 121 81 67 91 107 94 109 98 63 84 120 88 118 115 42 14 53 78 89 108 120 155 198 154 175 157 196 119 140 219 193 214 197 195 213 191 153 239 321 361
