i2maps_working_directory/processors/example2/irl_dem_espg900913.asc
north: 7436000
south: 6692000
east: -604000
west: -1168000
rows: 372
cols: 282
null: *
type: int
[rows 180 to 239 of 372, columns 96 to 191 of 282]
56 66 69 70 78 72 81 77 77 81 78 71 71 69 66 55 59 67 51 51 46 49 46 45 47 51 44 51 69 93 79 75 67 72 78 71 74 106 87 82 62 45 36 33 37 36 42 47 55 77 53 73 72 73 78 82 73 72 63 89 76 91 100 106 121 111 170 122 127 132 108 108 105 84 84 86 78 76 123 117 119 118 100 96 92 91 94 109 85 87 75 78 77 67 80 72
61 63 75 74 76 71 75 78 81 81 79 73 70 66 65 59 58 62 50 54 49 51 48 49 49 50 45 52 73 82 77 71 68 73 75 67 68 88 81 72 76 42 36 36 36 47 37 50 46 68 57 70 60 76 78 84 76 64 72 83 76 101 102 106 132 114 159 135 132 128 106 101 99 83 84 83 77 87 119 119 119 118 106 98 93 92 93 104 93 84 76 76 75 71 78 78
66 60 80 77 73 69 69 79 84 80 79 74 68 63 64 62 57 56 49 56 52 53 49 53 51 48 46 52 76 71 74 67 68 73 72 62 61 70 75 62 89 38 36 39 35 57 31 52 37 58 60 66 48 78 77 85 78 55 80 77 75 110 103 105 143 117 148 148 136 123 103 94 93 82 83 80 75 98 114 121 118 118 111 99 93 92 92 98 101 81 77 74 73 75 76 83
65 47 68 60 71 65 72 73 78 76 78 66 67 63 68 60 60 58 69 82 60 55 63 55 50 52 45 43 47 57 59 58 64 95 68 65 63 53 59 64 38 42 42 41 29 46 38 33 56 48 44 43 52 55 66 81 59 58 68 74 90 83 93 109 113 115 123 124 122 112 86 88 86 77 76 79 86 87 97 107 114 114 98 98 90 83 87 80 77 83 83 85 74 70 68 67
57 45 59 58 65 68 72 76 79 80 80 69 68 70 67 65 71 70 72 74 61 56 59 53 50 50 45 44 45 50 57 60 78 79 71 60 60 55 57 56 43 46 46 39 35 46 39 39 49 46 46 52 53 56 68 76 60 64 74 81 87 81 123 115 110 109 120 125 115 111 85 86 87 78 79 89 92 88 96 106 109 102 95 93 86 82 84 81 80 83 81 80 76 72 68 68
49 43 50 55 58 70 71 78 80 84 81 71 69 76 66 70 81 81 75 66 62 57 54 50 49 47 45 44 42 42 54 61 92 62 74 55 56 57 54 47 48 49 49 36 40 45 40 44 41 43 48 60 54 56 69 71 61 70 79 87 83 79 153 120 107 103 117 126 107 109 84 83 87 79 82 99 97 89 95 104 104 89 91 88 82 81 80 82 82 82 79 75 77 74 67 69
103 109 81 56 49 55 68 82 86 87 92 82 75 76 75 66 65 80 60 60 59 58 54 49 45 47 44 44 42 70 84 76 67 56 60 61 58 57 57 64 45 41 43 39 40 42 41 46 54 65 58 64 65 111 103 90 76 70 77 85 76 72 76 90 85 86 96 87 122 100 93 85 88 81 88 94 98 102 99 88 92 91 87 85 79 80 77 75 82 85 84 86 76 83 75 66
122 111 86 55 50 62 66 80 85 89 90 85 80 95 82 70 70 70 58 63 58 56 53 52 47 53 45 44 42 58 66 62 59 56 59 58 59 60 63 63 47 44 42 39 37 39 40 43 55 61 66 78 80 99 92 110 80 71 75 82 90 71 75 82 82 82 85 84 108 99 95 84 86 81 87 92 99 106 100 93 91 87 85 82 77 78 81 77 76 86 86 82 75 77 72 65
141 113 91 53 51 69 63 77 84 91 87 88 85 113 88 74 74 60 56 66 56 53 51 55 48 58 45 44 42 46 48 48 50 55 57 55 59 63 68 62 49 47 40 38 34 35 39 40 56 56 74 91 94 86 81 129 84 72 72 78 104 69 74 73 78 78 73 80 93 97 96 83 84 80 85 89 99 110 101 97 89 82 82 79 74 75 85 78 70 86 88 78 74 71 68 63
118 114 100 53 50 76 62 68 78 77 91 108 104 93 95 84 75 63 66 85 69 72 59 48 71 52 51 48 47 46 44 50 47 61 59 63 62 71 62 51 58 62 44 38 41 34 32 42 72 64 65 76 72 78 79 79 69 69 93 73 67 68 75 51 59 70 64 72 76 81 76 70 90 87 93 87 97 106 121 88 85 80 77 79 75 78 77 72 73 73 72 71 67 74 73 81
109 98 94 55 56 70 67 76 83 87 88 114 104 99 94 81 78 70 70 78 67 67 57 48 60 48 51 46 44 48 45 52 58 63 63 64 65 72 62 58 59 57 45 40 41 37 33 41 57 54 59 69 64 66 65 73 64 67 81 70 67 64 62 55 60 68 68 75 76 80 75 72 91 87 90 89 95 103 105 87 84 80 78 77 78 76 77 74 74 73 74 73 68 77 75 87
100 82 88 57 62 64 72 84 87 97 84 119 104 104 92 78 80 77 74 70 65 62 55 47 49 44 50 44 40 50 45 54 69 64 66 64 68 73 62 65 60 52 45 42 41 40 34 39 42 44 52 61 55 54 50 67 59 65 69 67 67 59 49 59 60 65 71 77 76 78 73 74 92 87 87 91 92 100 88 85 83 79 79 75 81 74 76 76 74 72 76 74 69 79 76 93
72 83 83 61 57 71 74 81 78 90 103 105 93 90 94 86 95 86 81 73 60 62 61 57 50 49 47 47 43 42 46 51 53 67 64 65 60 62 55 47 42 39 39 35 36 34 37 35 36 37 43 55 52 48 58 56 62 56 56 54 55 49 49 55 55 86 82 73 66 63 70 77 86 98 91 94 97 96 95 91 84 82 85 78 75 87 82 96 82 86 79 77 71 75 75 73
67 76 80 61 63 69 74 79 88 85 94 103 96 95 94 97 99 94 83 76 68 67 59 56 52 51 46 43 43 41 45 50 55 68 65 63 55 53 48 44 40 38 38 38 38 35 36 41 38 42 43 54 54 55 56 60 62 61 58 56 51 48 49 67 61 75 73 68 62 61 69 77 88 95 90 94 96 97 96 91 93 103 110 81 76 87 88 89 83 87 80 77 72 71 74 71
62 68 77 61 68 67 73 77 98 80 85 100 99 100 94 108 103 102 85 78 76 71 56 54 53 52 44 39 43 39 44 49 57 69 66 60 49 43 40 40 38 37 36 41 39 36 35 46 40 47 42 52 56 62 54 63 61 66 59 57 47 46 49 79 66 64 64 62 58 59 68 76 89 92 88 93 95 97 96 91 102 124 135 83 76 87 93 82 83 88 80 76 72 67 73 69
72 68 50 65 70 72 78 74 87 92 85 85 90 90 90 96 100 103 104 83 72 63 59 59 46 54 44 59 53 40 40 50 54 73 70 63 58 44 37 36 34 34 33 40 41 43 42 49 49 45 48 52 51 51 57 84 69 60 59 48 54 53 77 61 56 64 59 59 61 80 86 78 75 80 80 85 89 90 108 98 93 88 85 86 78 78 75 80 77 78 86 88 81 77 71 71
59 57 50 71 70 70 73 77 80 84 80 81 84 85 91 100 106 108 106 90 81 71 66 65 57 58 55 62 48 39 43 44 52 61 74 67 60 50 39 37 35 39 36 38 40 44 44 49 48 45 46 54 75 73 64 67 60 54 52 47 56 56 63 56 54 59 58 58 64 71 77 73 79 78 80 91 88 88 101 97 94 85 85 84 77 76 77 77 76 77 84 84 80 76 71 72
45 45 50 76 69 68 67 79 72 76 75 76 78 80 92 104 111 112 108 97 90 78 73 71 68 61 65 64 43 38 46 38 50 49 77 71 61 56 41 38 35 43 38 36 38 44 46 49 46 44 44 55 98 94 71 49 50 47 44 46 57 58 48 51 51 54 57 56 67 61 68 67 83 76 79 97 86 86 93 95 95 81 84 82 75 73 79 74 75 76 81 79 78 75 70 72
37 46 49 63 64 60 65 53 63 62 66 72 79 78 86 102 117 118 114 102 98 89 76 73 72 53 62 50 51 44 38 37 37 39 44 54 44 43 40 35 34 44 41 38 38 39 43 39 42 76 60 50 54 51 49 50 51 49 45 42 50 47 46 50 51 51 51 52 62 57 71 67 76 78 77 81 87 86 82 78 81 79 76 111 75 75 72 72 73 79 72 73 69 72 70 76
37 42 46 55 55 54 57 51 56 56 61 72 79 83 84 99 111 115 118 108 100 88 78 77 72 59 60 53 50 42 38 38 37 37 40 46 42 40 39 35 37 43 39 37 38 38 41 43 46 69 61 56 62 53 50 48 46 47 46 44 50 53 49 51 52 50 54 56 62 61 64 64 70 73 74 77 81 83 91 80 82 82 80 98 74 73 70 69 70 73 71 71 69 74 70 73
37 37 43 47 45 47 48 48 49 49 56 71 78 87 81 95 104 112 121 114 101 87 80 80 72 64 58 55 49 39 38 39 37 34 36 37 40 37 38 34 40 41 37 35 37 36 39 47 49 62 62 61 69 54 51 46 41 44 47 45 50 58 52 51 53 49 57 59 61 64 56 60 63 68 70 72 74 80 99 81 82 85 83 84 73 70 68 66 67 66 70 69 68 76 69 69
31 35 37 34 34 37 38 41 50 54 53 79 86 92 94 102 120 110 126 104 103 86 79 78 77 84 87 77 74 59 51 51 48 39 39 39 35 34 34 35 36 42 42 38 37 39 40 42 57 65 47 50 54 46 47 45 47 44 46 49 48 53 54 59 53 50 51 54 69 63 59 57 57 61 61 61 67 70 82 86 85 84 78 79 78 74 77 66 72 68 71 71 66 74 74 70
29 33 41 39 36 39 39 42 49 56 63 77 83 89 90 95 103 103 118 97 92 84 79 78 75 81 86 85 81 66 57 55 54 42 40 42 41 35 34 37 35 39 39 40 39 41 45 47 55 55 49 48 50 45 47 44 47 46 48 50 50 53 56 70 68 63 60 59 73 71 70 61 61 64 62 62 67 72 76 85 86 91 83 83 80 74 74 68 72 74 69 72 67 72 73 71
26 30 44 43 38 41 39 42 47 58 73 75 79 86 86 87 86 95 109 90 80 82 79 78 73 77 84 92 88 72 63 58 59 45 41 45 46 35 34 38 34 35 36 41 40 43 49 51 53 45 50 46 45 43 46 43 46 48 50 50 52 52 57 80 83 76 69 64 77 79 81 64 65 66 63 62 67 73 70 83 86 98 87 86 81 74 71 69 72 79 67 73 68 70 72 71
31 33 34 35 37 38 43 58 63 68 68 72 70 75 74 82 85 88 101 96 85 82 79 73 70 71 74 79 89 99 82 69 62 58 60 63 52 51 53 40 34 34 34 32 46 36 41 43 59 51 46 49 46 44 47 48 51 57 57 55 59 62 72 76 84 80 80 68 75 72 77 77 74 72 75 77 86 91 90 83 83 82 83 80 80 75 73 71 71 72 71 68 72 69 76 71
28 28 34 43 40 45 52 62 66 70 69 76 77 73 73 87 88 86 91 92 83 78 75 72 68 67 73 74 85 89 84 74 77 80 71 64 55 52 49 44 39 35 36 33 40 37 38 44 70 69 52 52 47 46 48 49 51 55 57 56 60 62 77 80 82 80 78 68 73 78 80 92 89 91 93 93 96 95 92 85 88 84 83 79 77 73 74 72 70 72 68 66 70 68 71 71
25 23 33 50 43 51 60 65 68 71 69 80 83 70 72 92 90 84 80 87 81 73 70 70 66 63 72 69 81 79 85 78 92 101 81 64 57 53 44 47 44 35 37 33 33 38 35 45 81 86 57 55 48 48 48 49 51 53 56 56 60 62 81 84 79 79 75 67 70 83 82 106 103 109 110 108 106 98 93 87 92 86 82 78 73 71 74 73 68 71 65 63 68 67 66 71
24 43 48 69 66 68 70 65 78 91 78 106 102 95 77 75 70 76 80 74 70 67 72 68 64 54 61 70 69 68 71 72 76 68 58 61 50 42 44 42 36 36 33 33 40 51 73 52 53 51 50 46 49 51 48 60 55 60 61 61 74 83 91 101 91 88 90 98 89 83 81 103 116 137 139 138 114 106 94 88 90 78 75 76 73 69 69 68 68 64 65 59 66 60 60 62
27 38 45 58 57 61 65 70 85 86 79 116 117 102 82 77 73 79 73 70 66 63 69 65 61 54 60 64 67 67 73 68 67 58 54 53 45 39 39 37 37 36 41 51 49 58 64 54 51 50 53 50 49 53 58 58 55 60 66 68 77 92 94 99 96 92 92 94 90 82 82 92 98 109 110 113 102 100 90 85 87 79 77 75 74 69 68 68 66 66 65 60 63 62 62 65
30 33 41 47 47 53 60 74 91 80 80 125 131 108 86 78 76 82 66 65 61 59 65 61 57 53 58 58 64 65 74 64 57 47 50 44 40 35 34 32 37 35 48 69 57 64 54 56 48 49 55 53 49 55 67 55 55 60 71 75 80 101 96 96 100 96 93 89 90 81 82 81 80 80 80 88 90 93 86 82 83 80 78 74 74 68 67 67 63 67 65 61 60 64 64 68
56 55 61 48 59 79 79 83 83 107 94 122 90 74 62 83 67 79 79 72 60 57 48 62 56 50 62 65 70 72 90 60 47 35 36 32 34 33 35 35 49 40 34 58 45 52 54 57 62 50 54 59 65 61 55 61 65 67 80 76 84 80 87 80 86 83 90 88 90 88 84 82 82 79 81 78 80 80 77 74 74 80 76 75 73 69 78 70 71 66 67 61 59 60 64 75
45 54 39 81 209 165 104 79 98 120 138 170 135 76 56 49 44 52 64 78 74 62 65 50 50 41 57 61 61 63 59 50 44 42 31 32 35 37 30 34 41 40 38 35 46 51 48 55 58 60 75 67 58 61 64 67 81 86 103 99 97 85 80 94 108 99 102 98 105 96 99 94 88 97 83 81 76 76 76 73 73 72 71 77 71 73 74 66 65 62 61 61 63 60 66 79
39 41 50 130 199 178 143 111 133 150 164 155 136 104 91 77 53 48 56 75 69 65 60 50 46 40 55 58 56 59 55 43 39 36 33 36 38 37 40 46 38 36 40 44 42 46 47 51 54 59 66 63 61 66 73 80 85 88 93 93 93 88 111 151 156 154 145 126 123 110 105 108 101 104 92 86 78 75 75 73 73 73 70 73 72 72 77 72 68 72 65 63 63 63 65 72
33 28 60 178 188 191 181 142 167 180 189 140 136 131 126 105 61 43 47 71 63 67 55 50 41 39 53 54 50 55 50 36 34 29 35 39 40 37 50 57 34 31 41 52 37 41 46 46 50 58 56 59 63 71 81 93 88 90 83 87 88 91 141 208 204 209 188 153 141 124 110 122 114 110 101 91 80 74 73 72 72 73 68 69 73 71 80 77 71 82 68 65 63 66 64 64
28 46 120 219 221 297 292 262 240 247 253 199 180 114 114 100 50 71 36 42 49 60 60 51 39 41 56 60 47 46 51 44 32 41 42 55 80 78 68 55 53 35 47 38 45 47 45 60 63 63 61 67 64 75 92 93 78 85 89 92 135 188 236 322 226 310 294 198 268 214 213 206 207 211 150 113 92 78 70 71 72 69 70 77 73 76 78 82 107 93 83 75 61 70 121 72
32 67 108 169 179 231 237 235 243 262 249 215 199 134 110 90 77 80 48 40 42 48 49 56 39 38 59 56 50 44 42 37 32 63 51 53 69 65 57 49 46 43 47 39 45 44 45 61 64 63 64 67 69 78 87 85 97 96 105 123 176 197 251 337 293 376 350 239 301 308 257 247 239 186 136 107 92 81 74 73 72 69 82 79 78 88 83 82 90 90 80 73 67 64 100 69
35 87 96 119 136 165 181 207 246 276 244 231 217 154 105 79 103 88 59 38 35 35 38 61 38 34 61 52 53 42 33 29 31 85 59 51 57 51 46 43 38 50 47 39 45 41 44 62 64 63 67 66 74 81 81 76 116 107 121 154 216 206 265 351 360 442 405 280 334 402 301 287 270 161 121 101 91 83 78 75 71 69 93 81 83 99 87 82 72 87 76 70 73 58 78 66
59 62 75 228 228 228 328 365 343 302 269 171 130 125 130 179 129 95 64 60 37 33 34 34 33 31 56 46 40 45 32 31 68 38 46 46 45 50 52 55 60 56 51 56 52 51 51 52 64 60 64 62 76 74 84 94 106 129 176 225 303 386 355 416 475 455 407 427 412 389 403 262 178 140 111 98 92 84 75 93 75 74 79 94 85 103 97 80 72 69 75 67 66 58 57 57
50 88 103 241 236 244 313 328 285 258 229 169 131 126 131 152 117 111 78 101 75 65 42 36 35 32 44 44 39 43 38 31 50 35 51 59 51 57 58 59 61 57 53 54 52 49 49 53 65 62 70 72 78 83 83 104 147 143 217 240 335 354 386 458 423 354 345 400 418 393 334 241 198 147 132 100 93 86 79 89 77 75 85 91 89 97 91 80 73 72 72 66 65 59 56 56
40 114 131 253 244 260 297 291 227 214 189 166 132 126 131 124 105 126 92 142 113 96 49 37 37 32 32 41 38 40 44 31 31 32 55 71 56 63 63 63 61 58 55 52 51 47 46 54 66 64 76 82 80 92 81 113 187 156 257 254 367 321 417 499 371 252 283 373 424 396 264 220 217 153 152 102 93 87 83 84 78 75 90 88 93 91 84 79 73 75 68 64 64 59 55 55
72 75 109 176 151 172 135 123 116 115 119 131 132 152 176 176 143 124 128 91 72 56 44 41 34 34 33 33 32 28 28 51 40 51 53 56 60 61 63 68 66 71 59 57 62 46 43 69 71 76 80 91 84 83 95 142 221 279 212 258 350 425 452 391 285 297 220 226 276 270 288 241 202 189 126 102 92 84 88 84 83 93 94 96 118 95 94 123 80 73 75 64 62 56 56 56
57 67 100 136 121 125 114 135 139 130 144 166 165 174 168 163 142 122 109 89 66 51 41 42 36 35 32 32 39 40 38 46 42 49 55 56 61 61 67 66 66 68 58 51 53 45 66 79 82 88 106 104 93 89 108 153 214 228 222 310 371 409 399 343 270 268 197 217 241 236 235 198 169 160 122 105 96 89 92 87 87 95 98 107 117 115 113 119 91 77 72 65 62 55 56 55
42 59 91 96 91 78 93 147 162 145 168 200 197 196 160 150 141 120 89 87 60 46 38 42 38 35 31 30 45 51 47 40 43 46 56 55 61 61 70 64 66 64 57 45 44 43 88 88 92 100 132 116 102 94 120 164 206 177 232 361 392 393 346 294 254 239 174 208 205 201 182 154 136 130 118 107 99 93 95 89 91 97 101 118 116 134 131 115 102 81 69 65 61 54 56 54
54 57 53 71 87 133 158 148 152 165 150 162 151 159 166 158 176 174 110 86 64 49 39 32 35 34 32 32 36 45 53 47 46 57 62 59 64 59 62 74 77 70 79 80 58 46 50 78 95 85 103 148 148 114 154 181 248 281 298 382 422 341 255 187 166 169 157 144 141 142 123 116 119 121 110 110 108 109 106 104 102 99 100 121 118 159 175 124 94 83 70 65 64 57 62 54
87 90 68 72 72 98 113 111 119 145 150 161 159 165 180 184 194 191 113 89 64 44 37 33 36 33 31 45 46 53 52 50 52 62 63 59 64 64 68 71 80 109 105 95 67 56 51 70 92 91 103 141 138 120 150 204 252 298 336 348 382 294 226 168 149 147 145 140 141 138 115 114 129 119 109 107 108 109 112 106 103 102 109 119 124 150 152 116 91 82 83 73 81 61 63 61
120 123 82 72 57 63 67 74 86 124 150 159 166 171 193 210 212 208 115 92 63 39 35 33 37 31 30 58 56 61 51 53 57 66 64 59 63 68 74 68 83 148 130 110 76 65 51 61 89 96 103 134 128 126 145 227 256 314 373 314 341 247 196 148 132 125 132 135 141 133 107 112 139 117 107 103 108 108 117 108 103 104 117 116 129 140 129 107 88 80 96 80 97 65 64 68
120 85 88 89 57 71 104 148 215 163 185 202 230 253 277 273 208 182 107 82 43 42 29 29 30 28 75 94 51 54 52 52 46 52 62 70 66 65 79 70 83 118 114 94 73 81 73 64 66 90 93 106 109 112 120 199 247 283 285 224 192 224 173 125 119 141 172 148 117 109 103 101 104 112 108 105 113 114 120 123 104 115 120 156 181 113 105 104 93 107 173 205 92 69 65 61
151 168 161 81 56 72 128 212 210 225 223 236 246 255 304 303 255 186 120 79 45 38 31 31 31 29 76 94 71 52 57 56 53 51 67 65 65 70 77 74 80 101 95 94 75 76 72 71 69 71 92 128 107 112 133 163 198 248 280 225 194 196 158 118 113 122 137 125 117 106 103 102 103 107 100 102 109 114 126 121 110 119 130 160 176 109 100 98 99 151 202 171 103 71 69 66
181 251 233 73 54 73 152 275 205 287 260 269 262 257 330 333 302 189 133 75 46 33 32 32 32 29 77 93 91 50 62 60 59 50 72 60 64 74 75 77 76 83 76 93 76 71 71 77 71 51 90 149 105 111 145 127 149 213 274 225 196 167 142 110 106 103 102 101 116 103 102 102 102 102 91 98 105 114 131 118 115 122 139 163 170 105 94 91 105 195 230 137 114 73 72 70
295 374 356 159 78 47 58 134 98 170 186 313 315 268 271 250 196 176 65 55 42 30 35 41 29 48 29 42 70 42 66 58 59 61 75 64 78 80 76 78 91 91 86 82 84 74 75 83 64 70 61 85 97 101 109 112 142 196 170 136 129 118 114 110 103 105 94 104 120 114 91 95 100 90 92 86 96 116 121 117 126 188 183 183 166 124 113 100 94 105 151 148 121 77 73 75
294 319 272 169 120 68 60 90 72 118 159 296 283 212 232 212 175 155 71 57 40 34 39 47 29 41 30 40 68 47 67 64 60 72 75 69 81 88 80 82 95 94 92 87 87 81 78 84 78 79 73 87 97 105 107 114 126 151 140 125 122 116 108 104 108 110 97 103 113 118 93 95 97 89 90 85 94 107 115 114 125 182 227 244 177 130 152 144 144 121 136 150 120 95 79 73
292 263 187 179 162 89 61 45 46 65 131 279 251 155 192 173 153 134 77 59 38 37 42 53 29 34 30 37 66 52 68 69 61 82 74 73 83 96 83 86 99 96 97 92 90 87 81 85 91 87 85 88 96 109 104 116 109 106 109 114 115 113 102 98 113 114 99 101 106 122 94 94 93 88 88 83 92 98 109 111 123 175 270 304 187 136 191 188 193 137 120 152 118 112 84 70
282 269 212 205 195 167 103 131 105 37 49 170 135 94 80 62 58 48 44 42 50 41 34 28 30 31 35 34 61 78 75 90 72 81 80 78 119 110 94 86 87 93 93 107 98 89 85 90 107 107 105 168 179 146 110 107 108 105 109 101 101 101 111 135 121 124 115 104 94 94 88 88 100 88 93 93 99 96 113 127 130 155 178 197 187 241 241 291 279 251 188 214 162 96 91 76
167 151 123 88 89 71 87 63 37 36 56 41 47 42 48 39 33 34 36 30 31 31 31 33 32 33 45 34 75 61 79 80 86 77 81 111 142 117 102 93 93 108 108 101 98 103 96 117 112 164 198 175 152 133 112 106 107 144 148 145 134 124 116 146 152 140 131 122 117 121 108 110 102 130 104 91 88 95 130 161 183 173 156 153 171 219 249 294 269 276 255 207 181 118 85 75
128 111 83 64 63 55 64 50 37 36 51 41 42 36 38 33 33 33 32 31 42 43 39 31 28 34 47 40 54 54 72 74 79 80 93 116 117 103 101 97 98 109 106 104 101 106 103 122 153 181 186 161 142 126 112 126 124 144 149 154 158 135 124 133 138 135 130 126 125 129 115 108 103 105 94 90 84 101 127 152 182 174 165 162 165 220 253 263 234 256 262 207 185 149 115 83
88 70 42 39 37 39 40 36 37 36 46 40 36 30 28 26 33 32 28 32 53 54 46 29 24 35 49 45 32 46 64 68 71 83 104 120 91 89 99 100 102 110 104 107 104 108 109 127 193 197 174 146 131 119 111 146 141 143 150 163 181 145 132 119 123 129 129 129 133 136 122 105 103 79 83 89 79 106 124 143 180 174 173 170 159 220 256 231 198 235 269 206 188 180 144 90
59 54 57 37 38 39 41 36 56 42 46 109 109 108 104 100 91 53 24 33 70 145 112 73 48 34 44 54 46 45 47 71 77 78 85 87 84 89 87 98 108 122 122 112 112 120 151 186 157 163 156 133 123 115 158 168 135 130 132 130 125 120 119 109 117 107 112 118 121 122 93 92 86 77 82 88 93 97 99 164 173 165 164 221 279 233 243 180 174 218 255 228 221 247 176 129
57 55 58 41 36 35 38 44 55 65 83 136 167 194 139 145 77 47 28 84 97 133 117 123 90 62 44 51 50 50 51 60 68 77 82 90 93 96 96 103 108 119 128 143 157 165 185 222 171 152 146 131 128 123 144 151 134 130 129 129 123 117 114 103 109 104 106 120 124 112 94 96 86 86 80 88 88 90 118 139 154 164 177 240 270 229 217 174 161 198 238 229 206 235 156 114
54 56 58 45 34 30 35 52 53 88 120 162 225 280 174 190 62 41 31 135 123 121 121 173 132 89 44 47 54 54 55 49 59 75 78 93 101 103 105 107 107 116 134 173 202 209 218 257 185 141 135 129 133 130 130 133 133 130 126 128 120 114 108 97 100 100 100 121 127 101 95 99 85 95 78 87 83 83 137 113 135 162 189 259 260 224 191 167 147 178 221 230 190 222 135 98
49 44 51 31 40 43 74 93 125 151 184 283 292 196 85 41 24 28 97 269 244 162 309 204 169 124 87 49 51 59 60 60 66 67 68 82 90 100 119 121 124 162 126 161 201 252 438 318 204 157 135 122 121 123 119 130 127 134 121 119 109 108 107 98 99 90 96 89 87 85 84 79 77 102 95 95 82 99 101 108 163 186 205 236 263 208 160 138 132 150 162 201 177 232 231 218
